
0.000000
-0.008686
-0.017484
-0.026400
-0.035439
-0.044605
-0.053904
-0.063342
-0.072923
-0.082653
-0.092539
-0.102587
-0.112804
-0.123195
-0.133769
-0.144532
-0.155492
-0.166658
-0.178037
-0.189639
-0.201472
-0.213546
-0.225871
-0.238458
-0.251317
-0.264461
-0.277901
-0.291651
-0.305724
-0.320135
-0.334898
-0.350029
-0.365546
-0.381466
-0.397808
-0.414593
-0.431841
-0.449575
-0.467820
-0.486600
-0.505943
-0.525879
-0.546439
-0.567655
-0.589563
-0.612202
-0.635612
-0.659838
-0.684928
-0.710931
-0.737904
-0.765905
-0.795001
-0.825260
-0.856758
-0.889579
-0.923813
-0.959559
-0.996924
-1.036026
-1.076997
-1.119980
-1.165132
-1.212630
-1.262668
-1.315464
-1.371260
-1.430327
-1.492971
-1.559537
-1.630413
-1.706044
-1.786937
-1.873671
-1.966917
-2.067449
-2.176173
-2.294147
-2.422623
-2.563086
-2.717319
-2.887472
-3.076171
-3.286651
-3.522947
-3.790154
-4.094803
-4.445405
-4.853261
-5.333706
-5.908092
-6.607053
-7.476165
-8.586326
-10.054174
-12.086068
-15.084900
-19.957176
-29.257594
-54.056517
-326.831403
82.327750
36.864141
23.873608
17.719513
14.129083
11.776286
10.115106
8.879539
7.924489
7.164084
6.544256
6.029266
5.594543
5.222637
4.900815
4.619569
4.371651
4.151446
3.954531
3.777378
3.617136
3.471478
3.338485
3.216561
3.104366
3.000770
2.904811
2.815663
2.732617
2.655059
2.582455
2.514337
2.450295
2.389967
2.333032
2.279207
2.228238
2.179897
2.133983
2.090311
2.048718
2.009053
1.971181
1.934980
1.900338
1.867152
1.835329
1.804783
1.775436
1.747216
1.720055
1.693893
1.668673
1.644341
1.620850
1.598154
1.576211
1.554981
1.534428
1.514519
1.495221
1.476504
1.458341
1.440706
1.423573
1.406921
1.390726
1.374970
1.359632
1.344695
1.330141
1.315954
1.302120
1.288623
1.275450
1.262589
1.250026
1.237750
1.225750
1.214015
1.202537
1.191304
1.180308
1.169541
1.158994
1.148660
1.138530
1.128598
1.118858
1.109302
1.099924
1.090719
1.081681
1.072805
1.064086
1.055520
1.047105
1.038841
1.030747
1.023067
1.014392
1.006824
0.999225
0.991718
0.984316
0.977020
0.969828
0.962739
0.955750
0.948857
0.942059
0.935353
0.928737
0.922206
0.915761
0.909397
0.903113
0.896906
0.890775
0.884717
0.878731
0.872813
0.866963
0.861179
0.855458
0.849799
0.844201
0.838662
0.833179
0.827752
0.822379
0.817059
0.811790
0.806571
0.801400
0.796276
0.791198
0.786165
0.781174
0.776227
0.771320
0.766452
0.761624
0.756833
0.752079
0.747361
0.742676
0.738026
0.733408
0.728821
0.724265
0.719739
0.715241
0.710772
0.706329
0.701913
0.697522
0.693155
0.688812
0.684492
0.680194
0.675917
0.671661
0.667424
0.663206
0.659006
0.654824
0.650659
0.646509
0.642374
0.638254
0.634148
0.630054
0.625973
0.621904
0.617845
0.613797
0.609758
0.605728
0.601706
0.597691
0.593682
0.589680
0.585683
0.581690
0.577701
0.573715
0.569731
0.565748
0.561766
0.557784
0.553801
0.549816
0.545828
0.541837
0.537840
0.533837
0.529824
0.525791
0.521674
0.518049
0.513843
0.509770
0.505703
0.501629
0.497545
0.493447
0.489336
0.485208
0.481064
0.476901
0.472719
0.468516
0.464291
0.460042
0.455769
0.451469
0.447142
0.442785
0.438398
0.433978
0.429523
0.425032
0.420504
0.415935
0.411325
0.406670
0.401968
0.397218
0.392417
0.387561
0.382649
0.377677
0.372642
0.367541
0.362371
0.357128
0.351808
0.346406
0.340920
0.335343
0.329672
0.323900
0.318023
0.312034
0.305927
0.299695
0.293331
0.286826
0.280172
0.273361
0.266382
0.259223
0.251875
0.244324
0.236556
0.228556
0.220308
0.211794
0.202994
0.193887
0.184449
0.174654
0.164471
0.153870
0.142813
0.131261
0.119169
0.106484
0.093150
0.079102
0.064265
0.048555
0.031874
0.014109
-0.004871
-0.025217
-0.047110
-0.070762
-0.096425
-0.124404
-0.155069
-0.188869
-0.226365
-0.268258
-0.315436
-0.369048
-0.430601
-0.502111
-0.586342
-0.687187
-0.810305
-0.964261
-1.162657
-1.428472
-1.803840
-2.375240
-3.352698
-5.412958
-12.616486
52.185750
8.979243
5.048656
3.572798
2.798282
2.320479
1.995813
1.760470
1.581766
1.441227
1.327624
1.233736
1.154713
1.087172
1.028683
0.977457
0.932144
0.891712
0.855350
0.822422
0.792413
0.764907
0.739564
0.716100
0.694281
0.673906
0.654809
0.636845
0.619891
0.603841
0.588602
0.574094
0.560245
0.546994
0.534285
0.522070
0.510304
0.498950
0.487972
0.477338
0.467020
0.456993
0.447233
0.437719
0.428432
0.419353
0.410467
0.401758
0.393213
0.384818
0.376563
0.368435
0.360425
0.352524
0.344721
0.337010
0.329381
0.321828
0.314344
0.306922
0.299555
0.292239
0.284967
0.277733
0.270533
0.263362
0.256216
0.249088
0.241976
0.234874
0.227779
0.220687
0.213593
0.206494
0.199387
0.192267
0.185131
0.177976
0.170797
0.163592
0.156357
0.149088
0.141782
0.134437
0.127047
0.119611
0.112124
0.104583
0.096985
0.089326
0.081603
0.073811
0.065948
0.058009
0.049991
0.041890
0.033702
0.025423
0.017049
0.000000