
0.000000
0.008785
0.017880
0.027292
0.037024
0.047081
0.057470
0.068196
0.079264
0.090680
0.102451
0.114583
0.127083
0.139958
0.153216
0.166864
0.180910
0.195363
0.210232
0.225525
0.241254
0.257427
0.274057
0.291153
0.308729
0.326797
0.345369
0.364461
0.384086
0.404262
0.425003
0.446328
0.468255
0.490804
0.513995
0.537852
0.562397
0.587657
0.613656
0.640425
0.667994
0.696395
0.725663
0.755835
0.786953
0.819058
0.852197
0.886420
0.921780
0.958336
0.996151
1.035291
1.075830
1.117849
1.161434
1.206679
1.253688
1.302574
1.353460
1.406483
1.461790
1.519548
1.579939
1.643163
1.709447
1.779038
1.852217
1.929297
2.010629
2.096612
2.187695
2.284391
2.387284
2.497045
2.614450
2.740393
2.875921
3.022260
3.180857
3.353432
3.542046
3.749190
3.977904
4.231933
4.515949
4.835853
5.199209
5.615873
6.098933
6.666155
7.342267
8.162755
9.180411
10.477361
12.188713
14.553509
18.038450
23.693615
34.478321
63.216282
379.205388
-94.746117
-42.070385
-27.010859
-19.870499
-15.699801
-12.962713
-11.026745
-9.583762
-8.465689
-7.573056
-6.843234
-6.234825
-5.719367
-5.276651
-4.891928
-4.554184
-4.255029
-3.987958
-3.747851
-3.530621
-3.332969
-3.152202
-2.986099
-2.832812
-2.690792
-2.558731
-2.435516
-2.320194
-2.211946
-2.110062
-2.013924
-1.922993
-1.836797
-1.754917
-1.676985
-1.602673
-1.531691
-1.463776
-1.398696
-1.336240
-1.276220
-1.218465
-1.162820
-1.109144
-1.057310
-1.007202
-0.958713
-0.911746
-0.866211
-0.822028
-0.779120
-0.737419
-0.696861
-0.657386
-0.618940
-0.581472
-0.544936
-0.509287
-0.474487
-0.440496
-0.407280
-0.374806
-0.343044
-0.311965
-0.281543
-0.251752
-0.222570
-0.193974
-0.165944
-0.138461
-0.111507
-0.085064
-0.059117
-0.033650
-0.008650
0.015897
0.040003
0.063681
0.086941
0.109794
0.132251
0.154320
0.176011
0.197331
0.218290
0.238893
0.259150
0.279066
0.298648
0.317902
0.336834
0.355449
0.373752
0.391748
0.409442
0.426838
0.443938
0.460743
0.477244
0.493301
0.509732
0.525318
0.540722
0.555872
0.570762
0.585392
0.599764
0.613879
0.627741
0.641351
0.654710
0.667823
0.680689
0.693312
0.705693
0.717834
0.729737
0.741403
0.752834
0.764032
0.774998
0.785733
0.796240
0.806519
0.816572
0.826400
0.836004
0.845386
0.854546
0.863487
0.872208
0.880712
0.888999
0.897070
0.904927
0.912570
0.920000
0.927219
0.934228
0.941027
0.947617
0.954000
0.960176
0.966146
0.971911
0.977472
0.982831
0.987987
0.992943
0.997698
1.002254
1.006611
1.010771
1.014735
1.018503
1.022077
1.025457
1.028644
1.031639
1.034444
1.037059
1.039485
1.041723
1.043774
1.045639
1.047319
1.048816
1.050129
1.051261
1.052212
1.052984
1.053576
1.053992
1.054230
1.054294
1.054183
1.053899
1.053444
1.052817
1.052021
1.051057
1.049925
1.048627
1.047165
1.045539
1.043751
1.041802
1.039693
1.037426
1.035002
1.032422
1.029688
1.026800
1.023762
1.020573
1.017235
1.013750
1.010121
1.006348
1.002447
0.998316
0.994145
0.989811
0.985336
0.980726
0.975980
0.971103
0.966094
0.960956
0.955691
0.950299
0.944784
0.939145
0.933386
0.927507
0.921511
0.915399
0.909173
0.902835
0.896386
0.889829
0.883164
0.876394
0.869521
0.862546
0.855472
0.848299
0.841031
0.833668
0.826213
0.818668
0.811035
0.803315
0.795510
0.787623
0.779655
0.771608
0.763485
0.755287
0.747016
0.738675
0.730265
0.721788
0.713247
0.704643
0.695979
0.687256
0.678477
0.669643
0.660757
0.651822
0.642838
0.633809
0.624735
0.615620
0.606466
0.597274
0.588048
0.578788
0.569497
0.560178
0.550832
0.541462
0.532070
0.522657
0.513228
0.503782
0.494323
0.484853
0.475374
0.465889
0.456399
0.446906
0.437414
0.427924
0.418438
0.408959
0.399488
0.390029
0.380583
0.371153
0.361740
0.352348
0.342978
0.333633
0.324314
0.315024
0.305766
0.296541
0.287352
0.278201
0.269091
0.260023
0.251000
0.242025
0.233100
0.224227
0.215412
0.206661
0.198009
0.188840
0.180600
0.172109
0.163666
0.155286
0.146976
0.138737
0.130573
0.122487
0.114481
0.106557
0.098717
0.090964
0.083299
0.075726
0.068245
0.060860
0.053572
0.046384
0.039298
0.032316
0.025439
0.018671
0.012014
0.005469
-0.000962
-0.007276
-0.013470
-0.019544
-0.025495
-0.031320
-0.037019
-0.042587
-0.048025
-0.053328
-0.058496
-0.063527
-0.068417
-0.073165
-0.077770
-0.082228
-0.086538
-0.090697
-0.094705
-0.098558
-0.102254
-0.105792
-0.109169
-0.112384
-0.115434
-0.118317
-0.121030
-0.123573
-0.125943
-0.128137
-0.130155
-0.131992
-0.133648
-0.135121
-0.136407
-0.137506
-0.138414
-0.139131
-0.139652
-0.139978
-0.140104
-0.140029
-0.139751
-0.139267
-0.138576
-0.137674
-0.136560
-0.135231
-0.133685
-0.131920
-0.129932
-0.127720
-0.125280
-0.122612
-0.119711
-0.116575
-0.113202
-0.109588
-0.105732
-0.101630
-0.097280
-0.092677
-0.087821
-0.082706
-0.077331
-0.071691
-0.065785
-0.059607
-0.053155
-0.046426
-0.039414
-0.032118
-0.024532
-0.016653
0.000000