
0.000308
0.000000
0.000000
0.000000
0.000000
0.033885
0.000000
0.000000
0.000000
0.000000
0.062725
0.000000
0.000000
0.000000
0.000000
0.048321
0.000000
0.000000
0.000000
0.000000
0.076401
0.000000
0.000000
0.000000
0.000000
0.102644
0.000000
0.000000
0.000000
0.000000
0.082561
0.000000
0.000000
0.000000
0.000000
0.073158
0.000000
0.000000
0.000000
0.000000
0.100394
0.000000
0.000000
0.000000
0.000000
0.105542
0.000000
0.000000
0.000000
0.000000
0.084448
0.000000
0.000000
0.000000
0.000000
0.073868
0.000000
0.000000
0.000000
0.000000
0.066572
0.000000
0.000000
0.000000
0.000000
0.051444
0.000000
0.000000
0.000000
0.000000
0.034928
0.000000
0.000000
0.000000
0.000000
0.020793
0.000000
0.000000
0.000000
0.000000
0.009669
0.000000
0.000000
0.000000
0.000000
0.004620
0.000000
0.000000
0.000000
0.000000
0.010352
0.000000
0.000000
0.000000
0.000000
0.015670
0.000000
0.000000
0.000000
0.000000
0.015032
0.000000
0.000000
0.000000
0.000000
0.011299
0.000000
0.000000
0.000000
0.000000
0.011334
0.000000
0.000000
0.000000
0.000000
0.009584
0.000000
0.000000
0.000000
0.000000
0.008458
0.000000
0.000000
0.000000
0.000000
0.012112
0.000000
0.000000
0.000000
0.000000
0.013731
0.000000
0.000000
0.000000
0.000000
0.014298
0.000000
0.000000
0.000000
0.000000
0.014636
0.000000
0.000000
0.000000
0.000000
0.013009
0.000000
0.000000
0.000000
0.000000
0.010977
0.000000
0.000000
0.000000
0.000000
0.008172
0.000000
0.000000
0.000000
0.000000
0.004506
0.000000
0.000000
0.000000
0.000000
0.003249
0.000000
0.000000
0.000000
0.000000
0.002153
0.000000
0.000000
0.000000
0.000000
0.002844
0.000000
0.000000
0.000000
0.000000
0.003369
0.000000
0.000000
0.000000
0.000000
0.002357
0.000000
0.000000
0.000000
0.000000
0.003055
0.000000
0.000000
0.000000
0.000000
0.003776
0.000000
0.000000
0.000000
0.000000
0.003098
0.000000
0.000000
0.000000
0.000000
0.002406
0.000000
0.000000
0.000000
0.000000
0.002460
0.000000
0.000000
0.000000
0.000000
0.002455
0.000000
0.000000
0.000000
0.000000
0.002251
0.000000
0.000000
0.000000
0.000000
0.002555
0.000000
0.000000
0.000000
0.000000
0.003257
0.000000
0.000000
0.000000
0.000000
0.003630
0.000000
0.000000
0.000000
0.000000
0.003842
0.000000
0.000000
0.000000
0.000000
0.004059
0.000000
0.000000
0.000000
0.000000
0.004944
0.000000
0.000000
0.000000
0.000000
0.005081
0.000000
0.000000
0.000000
0.000000
0.004201
0.000000
0.000000
0.000000
0.000000
0.003349
0.000000
0.000000
0.000000
0.000000
0.002314
0.000000
0.000000
0.000000
0.000000
0.001221
0.000000
0.000000
0.000000
0.000000
0.000757
0.000000
0.000000
0.000000
0.000000
0.002393
0.000000
0.000000
0.000000
0.000000
0.003447
0.000000
0.000000
0.000000
0.000000
0.004285
0.000000
0.000000
0.000000
0.000000
0.005170
0.000000
0.000000
0.000000
0.000000
0.004976
0.000000
0.000000
0.000000
0.000000
0.003800
0.000000
0.000000
0.000000
0.000000
0.003605
0.000000
0.000000
0.000000
0.000000