
0.000000
-0.001080
-0.000768
-0.000198
0.000064
0.002085
0.003689
0.001586
-0.002628
-0.007591
-0.011939
-0.008667
0.008898
0.043054
0.097447
0.174041
0.268142
0.374772
0.489336
0.602415
0.705874
0.796835
0.871590
0.927788
0.968218
0.993467
1.001205
0.992586
0.968154
0.925703
0.867901
0.795249
0.708502
0.610006
0.501275
0.383439
0.259244
0.130987
0.000000
-0.130987
-0.259244
-0.383439
-0.501275
-0.610006
-0.708502
-0.795249
-0.867901
-0.925703
-0.968154
-0.993666
-1.001973
-0.993666
-0.968154
-0.925703
-0.867901
-0.795249
-0.708502
-0.610006
-0.501275
-0.383439
-0.259244
-0.130987
0.000000
0.130987
0.259244
0.383439
0.501275
0.610006
0.708502
0.795249
0.867901
0.925703
0.968154
0.993666
1.001973
0.993666
0.968154
0.925703
0.867901
0.795249
0.708502
0.610006
0.501275
0.383439
0.259244
0.130987
0.000000
-0.130987
-0.259244
-0.383439
-0.501275
-0.610006
-0.708502
-0.795249
-0.867901
-0.925703
-0.968154
-0.993666
-1.001973
-0.993666
-0.968154
-0.925703
-0.867901
-0.795249
-0.708502
-0.610006
-0.501275
-0.383439
-0.259244
-0.130987
0.000000
0.130987
0.259244
0.383439
0.501275
0.610006
0.708502
0.795249
0.867901
0.925703
0.968154
0.993666
1.001973
0.993666
0.968154
0.925703
0.867901
0.795249
0.708502
0.610006
0.501275
0.383439
0.259244
0.130987
0.000000
-0.130987
-0.259244
-0.383439
-0.501275
-0.610006
-0.708502
-0.795249
-0.867901
-0.925703
-0.968154
-0.993666
-1.001973
-0.993666
-0.968154
-0.925703
-0.867901
-0.795249
-0.708502
-0.610006
-0.501275
-0.383439
-0.259244
-0.130987
0.000000
0.130987
0.259244
0.383439
0.501275
0.610006
0.708502
0.795249
0.867901
0.925703
0.968154
0.993666
1.001973
0.993666
0.968154
0.925703
0.867901
0.795249
0.708502
0.610006
0.501275
0.383439
0.259244
0.130987
0.000000
-0.130987
-0.259244
-0.383439
-0.501275
-0.610006
-0.708502
-0.795249
-0.867901
-0.925703
-0.968154
-0.993666
-1.001973
-0.993666
-0.968154
-0.925703
-0.867901
-0.795249
-0.708502
-0.610006
-0.501275
-0.383439
-0.259244
-0.130987
0.000000
0.130987
0.259244
0.383439
0.501275
0.610006
0.708502
0.795249
0.867901
0.925703
0.968154
0.993666
1.001973
0.993666
0.968154
0.925703
0.867901
0.795249
0.708502
0.610006
0.501275
0.383439
0.259244
0.130987
0.000000
-0.130987
-0.259244
-0.383439
-0.501275
-0.610006
-0.708502
-0.795249
-0.867901
-0.925703
-0.968154
-0.993666
-1.001973
-0.993666
-0.968154
-0.925703
-0.867901
-0.795249
-0.708502
-0.610006
-0.501275
-0.383439
-0.259244
-0.130987
0.000000
0.130987
0.259244
0.383439
0.501275
0.610006
0.708502
0.795249
0.867901
0.925703
0.968154
0.993666
1.001973
0.993666
0.968154
0.925703
0.867901
0.795249
0.708502
0.610006
0.501275
0.383439
0.259244
0.130987
0.000000
-0.130987
-0.259244
-0.383439
-0.501275
-0.610006
-0.708502
-0.795249
-0.867901
-0.925703
-0.968154
-0.993666
-1.001973
-0.993666
-0.968154
-0.925703
-0.867901
-0.795249
-0.708502
-0.610006
-0.501275
-0.383439
-0.259244
-0.130987
0.000000
0.130987
0.259244
0.383439
0.501275
0.610006
0.708502
0.795249
0.867901
0.925703
0.968154
0.993666
1.001973
0.993666
0.968154
0.925703
0.867901
0.795249
0.706924
0.607789
0.498137
0.382390
0.265156
0.144034
0.014686
-0.126335
-0.280662
-0.436025
-0.562502
-0.627673
-0.609463
-0.505771
-0.344734
-0.174645
-0.038486
0.039270
0.057384
0.038209
0.010436
-0.009155
-0.014975
-0.009508
-0.002156
0.001322
0.002638
0.002288
0.000000