
11.875801
12.182063
13.191163
15.250535
19.344787
28.928047
68.341313
130.373909
31.335230
17.329427
11.805917
8.879978
7.082698
5.874334
5.010489
4.364711
3.865180
3.468186
3.145668
2.878824
2.654611
2.463717
2.299318
2.156316
2.030826
1.919838
1.820991
1.732402
1.652559
1.580227
1.514396
1.454225
1.399015
1.348175
1.301205
1.257679
1.217230
1.179543
1.144345
1.111396
1.080487
1.051436
1.024081
0.998276
0.973896
0.950826
0.928964
0.908218
0.888508
0.869757
0.851899
0.834872
0.818622
0.803097
0.788252
0.774043
0.760433
0.747385
0.734867
0.722848
0.711301
0.700200
0.689520
0.679239
0.669338
0.659796
0.650595
0.641720
0.633154
0.624883
0.616893
0.609171
0.601705
0.594485
0.587500
0.580738
0.574192
0.567852
0.561710
0.555759
0.549990
0.544396
0.538972
0.533710
0.528605
0.523650
0.518842
0.514174
0.509642
0.505241
0.500966
0.496815
0.492781
0.488863
0.485056
0.481356
0.477761
0.474268
0.470873
0.467573
80.291947
0.461250
0.458221
0.455277
0.452416
0.449637
0.446936
0.444312
0.441763
0.439287
0.436882
0.434547
0.432279
0.430079
0.427943
0.425871
0.423861
0.421912
0.420022
0.418192
0.416418
0.414700
0.413038
0.411430
0.409875
0.408372
0.406920
0.405520
0.404169
0.402866
0.401612
0.400406
0.399246
0.398132
0.397064
0.396040
0.395061
0.394126
0.393234
0.392385
0.391579
0.390814
0.390091
0.389409
0.388768
0.388167
0.387607
0.387086
0.386606
0.386164
0.385762
0.385398
0.385073
0.384787
0.384539
0.384330
0.384159
0.384026
0.383931
0.383874