
0.000000
0.592466
0.497732
0.689073
1.689073
2.106493
2.460046
3.715340
4.581365
5.043305
6.362784
7.545570
8.045570
9.228357
10.547836
11.009776
11.875801
13.131095
13.484648
13.902068
14.902068
15.093409
14.998675
15.591141
15.591141
14.998675
15.093409
14.902068
13.902068
13.484648
13.131095
11.875801
11.009776
10.547836
9.228357
8.045570
7.545570
6.362784
5.043305
4.581365
3.715340
2.460046
2.106493
1.689073
0.689073
0.497732
0.592466
0.000000
0.000000
0.592466
0.497732
0.689073
1.689073
2.106493
2.460046
3.715340
4.581365
5.043305
6.362784
7.545570
8.045570
9.228357
10.547836
11.009776
11.875801
13.131095
13.484648
13.902068
14.902068
15.093409
14.998675
15.591141
15.591141
14.998675
15.093409
14.902068
13.902068
13.484648
13.131095
11.875801
11.009776
10.547836
9.228357
8.045570
7.545570
6.362784
5.043305
4.581365
3.715340
2.460046
2.106493
1.689073
0.689073
0.497732
0.592466
0.000000
0.000000
0.592466
0.497732
0.689073
1.689073
2.106493
2.460046
3.715340
4.581365
5.043305
6.362784
7.545570
8.045570
9.228357
10.547836
11.009776
11.875801
13.131095
13.484648
13.902068
14.902068
15.093409
14.998675
15.591141
15.591141
14.998675
15.093409
14.902068
13.902068
13.484648
13.131095
11.875801
11.009776
10.547836
9.228357
8.045570
7.545570
6.362784
5.043305
4.581365
3.715340
2.460046
2.106493
1.689073
0.689073
0.497732
0.592466
0.000000
0.000000
0.592466
0.497732
0.689073
1.689073
2.106493
2.460046
3.715340
4.581365
5.043305
6.362784
7.545570
8.045570
9.228357
10.547836
11.009776
11.875801
13.131095
13.484648
13.902068
14.902068
15.093409
14.998675
15.591141
15.591141
14.998675
15.093409
14.902068
13.902068
13.484648
13.131095
11.875801
11.009776
10.547836
9.228357
8.045570
7.545570
6.362784
5.043305
4.581365
3.715340
2.460046
2.106493
1.689073
0.689073
0.497732
0.592466
0.000000
0.000000
0.592466
0.497732
0.689073
1.689073
2.106493
2.460046
3.715340
4.581365
5.043305
6.362784
7.545570
8.045570
9.228357
10.547836
11.009776
11.875801
13.131095
13.484648
13.902068
14.902068
15.093409
14.998675
15.591141
15.591141
14.998675
15.093409
14.902068
13.902068
13.484648
13.131095
11.875801
11.009776
10.547836
9.228357
8.045570
7.545570
6.362784
5.043305
4.581365
3.715340
2.460046
2.106493
1.689073
0.689073
0.497732
0.592466
0.000000
0.000000
0.592466
0.497732
0.689073
1.689073
2.106493
2.460046
3.715340
4.581365
5.043305
6.362784
7.545570
8.045570
9.228357
10.547836
11.009776
11.875801
13.131095
13.484648
13.902068
14.902068
15.093409
14.998675
15.591141
15.591141
14.998675
15.093409
14.902068
13.902068
13.484648
13.131095
11.875801
11.009776
10.547836
9.228357
8.045570
7.545570
6.362784
5.043305
4.581365
3.715340
2.460046
2.106493
1.689073
0.689073
0.497732
0.592466
0.000000
0.000000
0.592466
0.497732
0.689073
1.689073
2.106493
2.460046
3.715340
4.581365
5.043305
6.362784
7.545570
8.045570
9.228357
10.547836
11.009776
11.875801
13.131095
13.484648
13.902068
14.902068
15.093409
14.998675
15.591141
15.591141
14.998675
15.093409
14.902068
13.902068
13.484648
13.131095
11.875801