
11.875801
12.139567
13.009123
14.785490
18.321572
26.608994
60.727981
111.380013
25.626911
13.515485
8.750711
6.236023
4.699095
3.672313
2.943873
2.404141
1.990821
1.665982
1.405263
1.192336
1.015876
0.867793
0.742169
0.634581
0.541661
0.460810
0.389985
0.327568
0.272256
0.222996
0.178924
0.139325
0.103608
0.071276
0.041909
0.015152
0.009298
0.031701
0.052281
0.071232
0.088723
0.104901
0.119894
0.133817
0.146768
0.158837
0.170103
0.180635
0.190495
0.199740
0.208419
0.216578
0.224258
0.231495
0.238323
0.244771
0.250868
0.256637
0.262103
0.267285
0.272203
0.276874
0.281315
0.285540
0.289562
0.293395
0.297049
0.300535
0.303864
0.307044
0.310084
0.312992
0.315775
0.318439
0.320993
0.323441
0.325788
0.328040
0.330202
0.332278
0.334273
0.336191
0.338034
0.339808
0.341514
0.343157
0.344738
0.346263
0.347730
0.349144
0.350508
0.351823
0.353092
0.354315
0.355496
0.356636
0.357736
0.358798
0.359824
0.360815
0.361771
0.362696
0.363589
0.364452
0.365286
0.366092
0.366871
0.367623
0.368351
0.369054
0.369733
0.370389
0.371024
0.371637
0.372229
0.372801
0.373353
0.373887
0.374402
0.374899
0.375378
0.375841
0.376287
0.376717
0.377132
0.377531
0.377915
0.378286
0.378641
0.378983
0.379311
0.379625
0.379927
0.380216
0.380493
0.380757
0.381009
0.381249
0.381478
0.381695
0.381901
0.382096
0.382281
0.382454
0.382617
0.382769
0.382911
0.383042
0.383164
0.383275
0.383376
0.383468
0.383549
0.383621
0.383683
0.383736
0.383779
0.383812
0.383836
0.383850
0.383855
0.383850
0.383836
0.383812
0.383779
0.383736
0.383683
0.383621
0.383549
0.383468
0.383376
0.383275
0.383164
0.383042
0.382911
0.382769
0.382617
0.382454
0.382281
0.382096
0.381901
0.381695
0.381478
0.381249
0.381009
0.380757
0.380493
0.380216
0.379927
0.379625
0.379311
0.378983
0.378641
0.378286
0.377915
0.377531
0.377132
0.376717
0.376287
0.375841
0.375379
0.374899
0.374402
0.373887
0.373353
0.372801
0.372229
0.371637
0.371024
0.370389
0.369733
0.369054
0.368351
0.367623
0.366871
0.366092
0.365286
0.364452
0.363589
0.362696
0.361771
0.360815
0.359824
0.358798
0.357736
0.356636
0.355496
0.354315
0.353092
0.351823
0.350508
0.349144
0.347730
0.346263
0.344738
0.343157
0.341514
0.339808
0.338034
0.336191
0.334273
0.332278
0.330202
0.328040
0.325788
0.323441
0.320993
0.318439
0.315775
0.312992
0.310084
0.307044
0.303864
0.300535
0.297049
0.293395
0.289562
0.285540
0.281315
0.276874
0.272203
0.267285
0.262103
0.256637
0.250868
0.244771
0.238323
0.231495
0.224258
0.216578
0.208419
0.199740
0.190495
0.180635
0.170103
0.158837
0.146768
0.133817
0.119894
0.104901
0.088723
0.071232
0.052281
0.031701
0.009298
0.015152
0.041909
0.071276
0.103608
0.139325
0.178924
0.222996
0.272256
0.327568
0.389985
0.460810
0.541661
0.634581
0.742169
0.867793
1.015876
1.192336
1.405263
1.665982
1.990821
2.404141
2.943873
3.672313
4.699095
6.236023
8.750711
13.515485
25.626911
111.380013
60.727981
26.608994
18.321572
14.785490
13.009123
12.139567