
0.000000
1.016653
2.183918
3.737391
6.208124
11.348715
31.347207
-67.763182
-18.032140
-10.846230
-7.924944
-6.321869
-5.299351
-4.584967
-4.054456
-3.642912
-3.313042
-3.041845
-2.814332
-2.620298
-2.452541
-2.305826
-2.176246
-2.060827
-1.957257
-1.863715
-1.778741
-1.701152
-1.629977
-1.564414
-1.503789
-1.447536
-1.395173
-1.346289
-1.300530
-1.257587
-1.217194
-1.179117
-1.143150
-1.109111
-1.076839
-1.046190
-1.017038
-0.989267
-0.962773
-0.937465
-0.913258
-0.890074
-0.867847
-0.846511
-0.826010
-0.806291
-0.787306
-0.769009
-0.751361
-0.734323
-0.717860
-0.701941
-0.686536
-0.671616
-0.657157
-0.643133
-0.629523
-0.616306
-0.603462
-0.590974
-0.578823
-0.566995
-0.555473
-0.544245
-0.533296
-0.522614
-0.512187
-0.502004
-0.492056
-0.482331
-0.472820
-0.463515
-0.454406
-0.445487
-0.436749
-0.428186
-0.419789
-0.411554
-0.403474
-0.395542
-0.387753
-0.380102
-0.372584
-0.365194
-0.357927
-0.350778
-0.343744
-0.336820
-0.330003
-0.323288
-0.316672
-0.310151
-0.303723
-0.297384
-80.291132
-0.284961
-0.278871
-0.272859
-0.266921
-0.261056
-0.255260
-0.249532
-0.243869
-0.238269
-0.232730
-0.227250
-0.221826
-0.216457
-0.211142
-0.205877
-0.200662
-0.195495
-0.190374
-0.185297
-0.180263
-0.175271
-0.170318
-0.165404
-0.160527
-0.155686
-0.150879
-0.146104
-0.141363
-0.136651
-0.131969
-0.127316
-0.122689
-0.118088
-0.113512
-0.108959
-0.104430
-0.099921
-0.095434
-0.090966
-0.086516
-0.082084
-0.077669
-0.073269
-0.068885
-0.064513
-0.060155
-0.055809
-0.051474
-0.047149
-0.042833
-0.038526
-0.034226
-0.029933
-0.025646
-0.021364
-0.017086
-0.012812
-0.008540
-0.004269
-0.000000
0.004269
0.008540
0.012812
0.017086
0.021364
0.025646
0.029933
0.034226
0.038526
0.042833
0.047149
0.051474
0.055809
0.060155
0.064513
0.068885
0.073269
0.077669
0.082084
0.086516
0.090966
0.095434
0.099921
0.104430
0.108959
0.113512
0.118088
0.122689
0.127316
0.131969
0.136651
0.141363
0.146104
0.150879
0.155686
0.160527
0.165404
0.170318
0.175271
0.180263
0.185297
0.190374
0.195495
0.200662
0.205877
0.211142
0.216457
0.221826
0.227250
0.232730
0.238269
0.243869
0.249532
0.255260
0.261056
0.266921
0.272859
0.278871
0.284961
80.291132
0.297384
0.303723
0.310151
0.316672
0.323288
0.330003
0.336820
0.343744
0.350778
0.357927
0.365194
0.372584
0.380102
0.387753
0.395542
0.403474
0.411554
0.419789
0.428186
0.436749
0.445487
0.454406
0.463515
0.472820
0.482331
0.492056
0.502004
0.512187
0.522614
0.533296
0.544245
0.555473
0.566995
0.578823
0.590974
0.603462
0.616306
0.629523
0.643133
0.657157
0.671616
0.686536
0.701941
0.717860
0.734323
0.751361
0.769009
0.787306
0.806291
0.826010
0.846511
0.867847
0.890074
0.913258
0.937465
0.962773
0.989267
1.017038
1.046190
1.076839
1.109111
1.143150
1.179117
1.217194
1.257587
1.300530
1.346289
1.395173
1.447536
1.503789
1.564414
1.629977
1.701152
1.778741
1.863715
1.957257
2.060827
2.176246
2.305826
2.452541
2.620298
2.814332
3.041845
3.313042
3.642912
4.054456
4.584967
5.299351
6.321869
7.924944
10.846230
18.032140
67.763182
-31.347207
-11.348715
-6.208124
-3.737391
-2.183918
-1.016653