
0.000000
0.001059
0.002119
0.003178
0.004237
0.005297
0.006356
0.007415
0.008475
0.045198
0.081921
0.118640
0.155370
0.192090
0.228810
0.265540
0.302260
0.338980
0.302260
0.265540
0.228810
0.192090
0.155370
0.118640
0.081921
0.045198
0.008475
0.007768
0.007062
0.006356
0.005650
0.004944
0.004237
0.003531
0.002825
0.002119
0.001412
0.000706
0.000000
-0.096045
-0.192090
-0.288140
-0.073446
0.141240
0.355930
0.570620
0.785310
1.000000
0.737290
0.474580
0.211860
-0.050847
-0.313560
-0.576270
-0.838980
-0.559320
-0.279660
0.000000
0.000737
0.001474
0.002211
0.002948
0.003685
0.004422
0.005158
0.005895
0.006632
0.007369
0.008106
0.008843
0.009580
0.010317
0.011054
0.011791
0.012528
0.013265
0.014001
0.014738
0.015475
0.016212
0.016949
0.034840
0.052731
0.070621
0.088512
0.106400
0.124290
0.142180
0.160080
0.177970
0.161860
0.145760
0.129660
0.113560
0.097458
0.081356
0.065254
0.049153
0.033051
0.016949
0.013559
0.010169
0.006780
0.003390
0.000000
0.000000
0.000000
0.000000
0.000000
0.000000
0.000000
0.000000
0.000000
0.000000
0.000000
0.000000
0.000000
0.000000
0.000000
0.000000
0.000000
0.000000
0.000000
0.000000
0.000000
0.000000
0.000000
0.000000
0.000000
0.001059
0.002119
0.003178
0.004237
0.005297
0.006356
0.007415
0.008475
0.045198
0.081921
0.118640
0.155370
0.192090
0.228810
0.265540
0.302260
0.338980
0.302260
0.265540
0.228810
0.192090
0.155370
0.118640
0.081921
0.045198
0.008475
0.007768
0.007062
0.006356
0.005650
0.004944
0.004237
0.003531
0.002825
0.002119
0.001412
0.000706
0.000000
-0.096045
-0.192090
-0.288140
-0.073446
0.141240
0.355930
0.570620
0.785310
1.000000
0.737290
0.474580
0.211860
-0.050847
-0.313560
-0.576270
-0.838980
-0.559320
-0.279660
0.000000
0.000737
0.001474
0.002211
0.002948
0.003685
0.004422
0.005158
0.005895
0.006632
0.007369
0.008106
0.008843
0.009580
0.010317
0.011054
0.011791
0.012528
0.013265
0.014001
0.014738
0.015475
0.016212
0.016949
0.034840
0.052731
0.070621
0.088512
0.106400
0.124290
0.142180
0.160080
0.177970
0.161860
0.145760
0.129660
0.113560
0.097458
0.081356
0.065254
0.049153
0.033051
0.016949
0.013559
0.010169
0.006780
0.003390
0.000000
0.000000
0.000000
0.000000
0.000000
0.000000
0.000000
0.000000
0.000000
0.000000
0.000000
0.000000
0.000000
0.000000
0.000000
0.000000
0.000000
0.000000
0.000000
0.000000
0.000000
0.000000
0.000000
0.000000
0.000000
0.001059
0.002119
0.003178
0.004237
0.005297
0.006356
0.007415
0.008475
0.045198
0.081921
0.118640
0.155370
0.192090
0.228810
0.265540
0.302260
0.338980
0.302260
0.265540
0.228810
0.192090
0.155370
0.118640
0.081921
0.045198
0.008475
0.007768
0.007062
0.006356
0.005650
0.004944
0.004237
0.003531
0.002825
0.002119
0.001412
0.000706
0.000000
-0.096045
-0.192090
-0.288140
-0.073446
0.141240
0.355930
0.570620
0.785310
1.000000
0.737290
0.474580
0.211860
-0.050847
-0.313560
-0.576270
-0.838980
-0.559320
-0.279660
0.000000
0.000737
0.001474
0.002211
0.002948
0.003685
0.004422
0.005158
0.005895
0.006632
0.007369
0.008106
0.008843
0.009580
0.010317
0.011054
0.011791
0.012528
0.013265
0.014001
0.014738
0.015475
0.016212
0.016949
0.034840
0.052731
0.070621
0.088512
0.106400
0.124290
0.142180
0.160080
0.177970
0.161860
0.145760
0.129660
0.113560
0.097458
0.081356
0.065254
0.049153
0.033051
0.016949
0.013559
0.010169
0.006780
0.003390
0.000000
0.000000
0.000000
0.000000
0.000000
0.000000
0.000000
0.000000
0.000000
0.000000
0.000000
0.000000
0.000000
0.000000
0.000000
0.000000
0.000000
0.000000
0.000000
0.000000
0.000000
0.000000
0.000000
0.000000
0.000000
0.001059
0.002119
0.003178
0.004237
0.005297
0.006356
0.007415
0.008475
0.045198
0.081921
0.118640
0.155370
0.192090
0.228810
0.265540
0.302260
0.338980
0.302260
0.265540
0.228810
0.192090
0.155370
0.118640
0.081921
0.045198
0.008475
0.007768
0.007062
0.006356
0.005650
0.004944
0.004237
0.003531
0.002825
0.002119
0.001412
0.000706
0.000000
-0.096045
-0.192090
-0.288140
-0.073446
0.141240
0.355930
0.570620
0.785310
1.000000
0.737290
0.474580
0.211860
-0.050847
-0.313560
-0.576270
-0.838980
-0.559320
-0.279660
0.000000
0.000737
0.001474
0.002211
0.002948
0.003685
0.004422
0.005158
0.005895
0.006632
0.007369
0.008106
0.008843
0.009580
0.010317
0.011054
0.011791
0.012528
0.013265
0.014001
0.014738
0.015475
0.016212
0.016949
0.034840
0.052731
0.070621
0.088512
0.106400
0.124290
0.142180
0.160080
0.177970
0.161860
0.145760
0.129660
0.113560
0.097458
0.081356
0.065254
0.049153
0.033051
0.016949
0.013559
0.010169
0.006780
0.003390
0.000000
0.000000
0.000000
0.000000
0.000000
0.000000
0.000000
0.000000
0.000000
0.000000
0.000000
0.000000
0.000000
0.000000
0.000000
0.000000
0.000000
0.000000
0.000000
0.000000
0.000000
0.000000
0.000000
0.000000
0.000000
0.001059
0.002119
0.003178
0.004237
0.005297
0.006356
0.007415
0.008475
0.045198
0.081921
0.118640
0.155370
0.192090
0.228810
0.265540
0.302260
0.338980
0.302260
0.265540
0.228810
0.192090
0.155370
0.118640
0.081921
0.045198
0.008475
0.007768
0.007062
0.006356
0.005650
0.004944
0.004237
0.003531
0.002825
0.002119
0.001412
0.000706
0.000000
-0.096045
-0.192090
-0.288140
-0.073446
0.141240
0.355930
0.570620
0.785310
1.000000
0.737290
0.474580
0.211860
-0.050847
-0.313560
-0.576270
-0.838980
-0.559320
-0.279660
0.000000
0.000737
0.001474
0.002211
0.002948
0.003685
0.004422
0.005158
0.005895
0.006632
0.007369
0.008106
0.008843
0.009580
0.010317
0.011054
0.011791
0.012528
0.013265
0.014001
0.014738
0.015475
0.016212
0.016949
0.034840
0.052731
0.070621
0.088512
0.106400
0.124290
0.142180
0.160080
0.177970
0.161860
0.145760
0.129660
0.113560
0.097458
0.081356
0.065254
0.049153
0.033051
0.016949
0.013559
0.010169
0.006780
0.003390
0.000000
0.000000
0.000000
0.000000
0.000000
0.000000
0.000000
0.000000
0.000000
0.000000
0.000000
0.000000
0.000000
0.000000
0.000000
0.000000
0.000000
0.000000
0.000000
0.000000
0.000000
0.000000
0.000000
0.000000