
0.000000
-0.000000
-0.000000
-0.000000
-0.000000
0.029149
0.000000
-0.000000
-0.000000
-0.000000
0.039770
0.000000
0.000000
-0.000000
-0.000000
0.035625
0.000000
0.000000
0.000000
0.000000
0.017674
0.000000
0.000000
0.000000
0.000000
-0.099505
-0.000000
-0.000000
-0.000000
-0.000000
0.054098
0.000000
0.000000
0.000000
0.000000
-0.030408
-0.000000
-0.000000
0.000000
0.000000
-0.046985
-0.000000
-0.000000
-0.000000
-0.000000
0.103129
0.000000
0.000000
0.000000
0.000000
-0.074220
-0.000000
-0.000000
-0.000000
-0.000000
0.028076
0.000000
0.000000
-0.000000
-0.000000
0.023722
0.000000
0.000000
0.000000
0.000000
-0.045849
-0.000000
-0.000000
-0.000000
-0.000000
0.033980
0.000000
0.000000
0.000000
0.000000
-0.012884
-0.000000
-0.000000
-0.000000
-0.000000
0.003146
0.000000
0.000000
0.000000
0.000000
-0.004143
-0.000000
-0.000000
-0.000000
-0.000000
0.009691
0.000000
0.000000
0.000000
0.000000
-0.004811
-0.000000
0.000000
0.000000
0.000000
-0.005449
-0.000000
-0.000000
-0.000000
-0.000000
0.006368
0.000000
0.000000
0.000000
0.000000
-0.010325
-0.000000
-0.000000
-0.000000
-0.000000
0.009398
0.000000
0.000000
0.000000
0.000000
-0.008365
-0.000000
-0.000000
-0.000000
-0.000000
0.010714
0.000000
0.000000
0.000000
0.000000
-0.005858
-0.000000
-0.000000
-0.000000
0.000000
-0.003196
-0.000000
-0.000000
-0.000000
-0.000000
0.011550
0.000000
0.000000
0.000000
0.000000
-0.012991
-0.000000
-0.000000
-0.000000
-0.000000
0.007205
0.000000
0.000000
0.000000
0.000000
0.000247
0.000000
0.000000
0.000000
0.000000
-0.003039
-0.000000
-0.000000
-0.000000
-0.000000
0.003210
0.000000
0.000000
0.000000
0.000000
-0.000029
0.000000
0.000000
0.000000
0.000000
-0.002100
-0.000000
-0.000000
-0.000000
0.000000
-0.000870
-0.000000
-0.000000
-0.000000
-0.000000
0.001723
0.000000
0.000000
0.000000
0.000000
-0.003012
-0.000000
-0.000000
-0.000000
-0.000000
0.002882
0.000000
0.000000
0.000000
0.000000
-0.000451
-0.000000
0.000000
0.000000
0.000000
-0.001092
-0.000000
-0.000000
-0.000000
-0.000000
0.002272
0.000000
0.000000
0.000000
0.000000
-0.002413
-0.000000
-0.000000
-0.000000
-0.000000
0.001425
0.000000
0.000000
0.000000
0.000000
-0.000033
0.000000
0.000000
0.000000
0.000000
-0.001375
-0.000000
-0.000000
-0.000000
-0.000000
0.003481
0.000000
0.000000
0.000000
0.000000
-0.003222
-0.000000
-0.000000
-0.000000
-0.000000
0.002236
0.000000
0.000000
0.000000
0.000000
0.000380
0.000000
0.000000
0.000000
0.000000
-0.004337
-0.000000
-0.000000
-0.000000
-0.000000
0.004049
0.000000
0.000000
0.000000
0.000000
-0.002263
-0.000000
-0.000000
-0.000000
-0.000000
-0.000074
-0.000000
-0.000000
-0.000000
-0.000000
0.001185
0.000000
0.000000
0.000000
-0.000000
0.000501
0.000000
0.000000
0.000000
0.000000
-0.002226
-0.000000
-0.000000
-0.000000
-0.000000
0.001419
0.000000
0.000000
-0.000000
-0.000000
0.001537
0.000000
0.000000
0.000000
0.000000
-0.004431
-0.000000
-0.000000
-0.000000
-0.000000
0.004903
0.000000
0.000000
0.000000
0.000000
-0.002551
-0.000000
-0.000000
-0.000000
-0.000000
0.001560
0.000000
0.000000
0.000000
0.000000