
31.546513
0.000000
0.000000
0.000000
0.000000
10.843189
0.000000
0.000000
0.000000
0.000000
20.071963
0.000000
0.000000
0.000000
0.000000
15.462933
0.000000
0.000000
0.000000
0.000000
24.448390
0.000000
0.000000
0.000000
0.000000
32.846038
0.000000
0.000000
0.000000
0.000000
26.419509
0.000000
0.000000
0.000000
0.000000
23.410707
0.000000
0.000000
0.000000
0.000000
32.126209
0.000000
0.000000
0.000000
0.000000
33.773709
0.000000
0.000000
0.000000
0.000000
27.023509
0.000000
0.000000
0.000000
0.000000
23.637621
0.000000
0.000000
0.000000
0.000000
21.303089
0.000000
0.000000
0.000000
0.000000
16.461930
0.000000
0.000000
0.000000
0.000000
11.177032
0.000000
0.000000
0.000000
0.000000
6.653703
0.000000
0.000000
0.000000
0.000000
3.094160
0.000000
0.000000
0.000000
0.000000
1.478489
0.000000
0.000000
0.000000
0.000000
3.312897
0.000000
0.000000
0.000000
0.000000
5.014300
0.000000
0.000000
0.000000
0.000000
4.810233
0.000000
0.000000
0.000000
0.000000
3.615727
0.000000
0.000000
0.000000
0.000000
3.626966
0.000000
0.000000
0.000000
0.000000
3.066777
0.000000
0.000000
0.000000
0.000000
2.706762
0.000000
0.000000
0.000000
0.000000
3.875875
0.000000
0.000000
0.000000
0.000000
4.394160
0.000000
0.000000
0.000000
0.000000
4.575207
0.000000
0.000000
0.000000
0.000000
4.683618
0.000000
0.000000
0.000000
0.000000
4.162861
0.000000
0.000000
0.000000
0.000000
3.512552
0.000000
0.000000
0.000000
0.000000
2.615020
0.000000
0.000000
0.000000
0.000000
1.441939
0.000000
0.000000
0.000000
0.000000
1.039767
0.000000
0.000000
0.000000
0.000000
0.688942
0.000000
0.000000
0.000000
0.000000
0.909954
0.000000
0.000000
0.000000
0.000000
1.078141
0.000000
0.000000
0.000000
0.000000
0.754135
0.000000
0.000000
0.000000
0.000000
0.977711
0.000000
0.000000
0.000000
0.000000
1.208294
0.000000
0.000000
0.000000
0.000000
0.991279
0.000000
0.000000
0.000000
0.000000
0.769988
0.000000
0.000000
0.000000
0.000000
0.786952
0.000000
0.000000
0.000000
0.000000
0.785579
0.000000
0.000000
0.000000
0.000000
0.720379
0.000000
0.000000
0.000000
0.000000
0.817631
0.000000
0.000000
0.000000
0.000000
1.042416
0.000000
0.000000
0.000000
0.000000
1.161607
0.000000
0.000000
0.000000
0.000000
1.229480
0.000000
0.000000
0.000000
0.000000
1.298626
0.000000
0.000000
0.000000
0.000000
1.581968
0.000000
0.000000
0.000000
0.000000
1.626098
0.000000
0.000000
0.000000
0.000000
1.344287
0.000000
0.000000
0.000000
0.000000
1.071714
0.000000
0.000000
0.000000
0.000000
0.740490
0.000000
0.000000
0.000000
0.000000
0.390843
0.000000
0.000000
0.000000
0.000000
0.242314
0.000000
0.000000
0.000000
0.000000
0.765461
0.000000
0.000000
0.000000
0.000000
1.103098
0.000000
0.000000
0.000000
0.000000
1.371303
0.000000
0.000000
0.000000
0.000000
1.654414
0.000000
0.000000
0.000000
0.000000
1.592486
0.000000
0.000000
0.000000
0.000000
1.215963
0.000000
0.000000
0.000000
0.000000
1.153458
0.000000
0.000000
0.000000
0.000000