
0.002111
-0.001051
0.004229
0.001067
0.006348
0.003186
0.008466
0.005305
0.010585
0.043087
0.084032
0.116529
0.157481
0.189979
0.230921
0.263429
0.304371
0.336869
0.304371
0.263429
0.230921
0.189979
0.157481
0.116529
0.084032
0.043087
0.010585
0.005658
0.009173
0.004245
0.007760
0.002833
0.006348
0.001421
0.004935
0.000008
0.003523
-0.001404
0.002111
-0.098156
-0.189979
-0.290251
-0.071335
0.139129
0.358041
0.568509
0.787421
0.997889
0.739401
0.472469
0.213971
-0.052958
-0.311449
-0.578381
-0.836869
-0.561431
-0.277549
-0.002111
0.002847
-0.000637
0.004321
0.000837
0.005795
0.002311
0.007269
0.003785
0.008743
0.005259
0.010217
0.006732
0.011691
0.008206
0.013165
0.009680
0.014639
0.011154
0.016112
0.012627
0.017586
0.014101
0.019060
0.032729
0.054842
0.068510
0.090623
0.104289
0.126401
0.140069
0.162191
0.175859
0.163971
0.143649
0.131771
0.111449
0.099569
0.079245
0.067365
0.047042
0.035162
0.014838
0.015670
0.008058
0.008890
0.001279
0.002111
-0.002111
0.002111
-0.002111
0.002111
-0.002111
0.002111
-0.002111
0.002111
-0.002111
0.002111
-0.002111
0.002111
-0.002111
0.002111
-0.002111
0.002111
-0.002111
0.002111
-0.002111
0.002111
-0.002111
0.002111
-0.002111
0.002111
-0.001051
0.004229
0.001067
0.006348
0.003186
0.008466
0.005305
0.010585
0.043087
0.084032
0.116529
0.157481
0.189979
0.230921
0.263429
0.304371
0.336869
0.304371
0.263429
0.230921
0.189979
0.157481
0.116529
0.084032
0.043087
0.010585
0.005658
0.009173
0.004245
0.007760
0.002833
0.006348
0.001421
0.004935
0.000008
0.003523
-0.001404
0.002111
-0.098156
-0.189979
-0.290251
-0.071335
0.139129
0.358041
0.568509
0.787421
0.997889
0.739401
0.472469
0.213971
-0.052958
-0.311449
-0.578381
-0.836869
-0.561431
-0.277549
-0.002111
0.002847
-0.000637
0.004321
0.000837
0.005795
0.002311
0.007269
0.003785
0.008743
0.005259
0.010217
0.006732
0.011691
0.008206
0.013165
0.009680
0.014639
0.011154
0.016112
0.012627
0.017586
0.014101
0.019060
0.032729
0.054842
0.068510
0.090623
0.104289
0.126401
0.140069
0.162191
0.175859
0.163971
0.143649
0.131771
0.111449
0.099569
0.079245
0.067365
0.047042
0.035162
0.014838
0.015670
0.008058
0.008890
0.001279
0.002111
-0.002111
0.002111
-0.002111
0.002111
-0.002111
0.002111
-0.002111
0.002111
-0.002111
0.002111
-0.002111
0.002111
-0.002111
0.002111
-0.002111
0.002111
-0.002111
0.002111
-0.002111
0.002111
-0.002111
0.002111
-0.002111
0.002111
-0.001051
0.004229
0.001067
0.006348
0.003186
0.008466
0.005305
0.010585
0.043087
0.084032
0.116529
0.157481
0.189979
0.230921
0.263429
0.304371
0.336869
0.304371
0.263429
0.230921
0.189979
0.157481
0.116529
0.084032
0.043087
0.010585
0.005658
0.009173
0.004245
0.007760
0.002833
0.006348
0.001421
0.004935
0.000008
0.003523
-0.001404
0.002111
-0.098156
-0.189979
-0.290251
-0.071335
0.139129
0.358041
0.568509
0.787421
0.997889
0.739401
0.472469
0.213971
-0.052958
-0.311449
-0.578381
-0.836869
-0.561431
-0.277549
-0.002111
0.002847
-0.000637
0.004321
0.000837
0.005795
0.002311
0.007269
0.003785
0.008743
0.005259
0.010217
0.006732
0.011691
0.008206
0.013165
0.009680
0.014639
0.011154
0.016112
0.012627
0.017586
0.014101
0.019060
0.032729
0.054842
0.068510
0.090623
0.104289
0.126401
0.140069
0.162191
0.175859
0.163971
0.143649
0.131771
0.111449
0.099569
0.079245
0.067365
0.047042
0.035162
0.014838
0.015670
0.008058
0.008890
0.001279
0.002111
-0.002111
0.002111
-0.002111
0.002111
-0.002111
0.002111
-0.002111
0.002111
-0.002111
0.002111
-0.002111
0.002111
-0.002111
0.002111
-0.002111
0.002111
-0.002111
0.002111
-0.002111
0.002111
-0.002111
0.002111
-0.002111
0.002111
-0.001051
0.004229
0.001067
0.006348
0.003186
0.008466
0.005305
0.010585
0.043087
0.084032
0.116529
0.157481
0.189979
0.230921
0.263429
0.304371
0.336869
0.304371
0.263429
0.230921
0.189979
0.157481
0.116529
0.084032
0.043087
0.010585
0.005658
0.009173
0.004245
0.007760
0.002833
0.006348
0.001421
0.004935
0.000008
0.003523
-0.001404
0.002111
-0.098156
-0.189979
-0.290251
-0.071335
0.139129
0.358041
0.568509
0.787421
0.997889
0.739401
0.472469
0.213971
-0.052958
-0.311449
-0.578381
-0.836869
-0.561431
-0.277549
-0.002111
0.002847
-0.000637
0.004321
0.000837
0.005795
0.002311
0.007269
0.003785
0.008743
0.005259
0.010217
0.006732
0.011691
0.008206
0.013165
0.009680
0.014639
0.011154
0.016112
0.012627
0.017586
0.014101
0.019060
0.032729
0.054842
0.068510
0.090623
0.104289
0.126401
0.140069
0.162191
0.175859
0.163971
0.143649
0.131771
0.111449
0.099569
0.079245
0.067365
0.047042
0.035162
0.014838
0.015670
0.008058
0.008890
0.001279
0.002111
-0.002111
0.002111
-0.002111
0.002111
-0.002111
0.002111
-0.002111
0.002111
-0.002111
0.002111
-0.002111
0.002111
-0.002111
0.002111
-0.002111
0.002111
-0.002111
0.002111
-0.002111
0.002111
-0.002111
0.002111
-0.002111
0.002111
-0.001051
0.004229
0.001067
0.006348
0.003186
0.008466
0.005305
0.010585
0.043087
0.084032
0.116529
0.157481
0.189979
0.230921
0.263429
0.304371
0.336869
0.304371
0.263429
0.230921
0.189979
0.157481
0.116529
0.084032
0.043087
0.010585
0.005658
0.009173
0.004245
0.007760
0.002833
0.006348
0.001421
0.004935
0.000008
0.003523
-0.001404
0.002111
-0.098156
-0.189979
-0.290251
-0.071335
0.139129
0.358041
0.568509
0.787421
0.997889
0.739401
0.472469
0.213971
-0.052958
-0.311449
-0.578381
-0.836869
-0.561431
-0.277549
-0.002111
0.002847
-0.000637
0.004321
0.000837
0.005795
0.002311
0.007269
0.003785
0.008743
0.005259
0.010217
0.006732
0.011691
0.008206
0.013165
0.009680
0.014639
0.011154
0.016112
0.012627
0.017586
0.014101
0.019060
0.032729
0.054842
0.068510
0.090623
0.104289
0.126401
0.140069
0.162191
0.175859
0.163971
0.143649
0.131771
0.111449
0.099569
0.079245
0.067365
0.047042
0.035162
0.014838
0.015670
0.008058
0.008890
0.001279
0.002111
-0.002111
0.002111
-0.002111
0.002111
-0.002111
0.002111
-0.002111
0.002111
-0.002111
0.002111
-0.002111
0.002111
-0.002111
0.002111
-0.002111
0.002111
-0.002111
0.002111
-0.002111
0.002111
-0.002111
0.002111
-0.002111