
0.049291
0.000000
0.000000
0.000000
0.000000
0.017278
0.000000
0.000000
0.000000
0.000000
-0.048505
-0.000000
-0.000000
-0.000000
-0.000000
0.032647
0.000000
0.000000
0.000000
0.000000
-0.074329
-0.000000
-0.000000
-0.000000
0.000000
-0.025191
-0.000000
-0.000000
-0.000000
-0.000000
0.062368
0.000000
0.000000
0.000000
0.000000
-0.066539
-0.000000
-0.000000
-0.000000
-0.000000
0.088721
0.000000
0.000000
0.000000
0.000000
-0.022441
-0.000000
0.000000
0.000000
0.000000
-0.040285
-0.000000
-0.000000
-0.000000
-0.000000
0.068324
0.000000
0.000000
0.000000
0.000000
-0.062202
-0.000000
-0.000000
-0.000000
-0.000000
0.023331
0.000000
0.000000
0.000000
-0.000000
0.008082
0.000000
0.000000
0.000000
0.000000
-0.016320
-0.000000
-0.000000
-0.000000
-0.000000
0.009143
0.000000
0.000000
0.000000
0.000000
-0.002044
-0.000000
-0.000000
-0.000000
-0.000000
0.003641
0.000000
0.000000
0.000000
0.000000
-0.014913
-0.000000
-0.000000
-0.000000
-0.000000
0.014010
0.000000
0.000000
0.000000
0.000000
-0.009334
-0.000000
-0.000000
-0.000000
-0.000000
0.004675
0.000000
0.000000
-0.000000
-0.000000
0.001878
0.000000
0.000000
0.000000
0.000000
-0.001253
-0.000000
-0.000000
-0.000000
-0.000000
0.005649
0.000000
0.000000
0.000000
0.000000
-0.012419
-0.000000
-0.000000
-0.000000
-0.000000
0.013936
0.000000
0.000000
0.000000
0.000000
-0.008990
-0.000000
-0.000000
-0.000000
-0.000000
-0.000689
-0.000000
-0.000000
-0.000000
-0.000000
0.008281
0.000000
0.000000
0.000000
0.000000
-0.008168
-0.000000
-0.000000
-0.000000
-0.000000
0.003327
0.000000
0.000000
0.000000
0.000000
0.000502
0.000000
0.000000
0.000000
0.000000
-0.002153
-0.000000
-0.000000
-0.000000
0.000000
-0.001918
-0.000000
-0.000000
-0.000000
-0.000000
0.003255
0.000000
0.000000
0.000000
0.000000
-0.001608
-0.000000
-0.000000
-0.000000
-0.000000
0.000513
-0.000000
-0.000000
-0.000000
-0.000000
0.002440
0.000000
0.000000
0.000000
0.000000
-0.003065
-0.000000
-0.000000
-0.000000
-0.000000
0.002144
0.000000
0.000000
0.000000
0.000000
-0.000942
-0.000000
-0.000000
-0.000000
0.000000
-0.000450
-0.000000
-0.000000
-0.000000
-0.000000
0.001742
0.000000
0.000000
0.000000
0.000000
-0.002555
-0.000000
-0.000000
-0.000000
-0.000000
0.002953
0.000000
0.000000
0.000000
0.000000
-0.001030
-0.000000
0.000000
0.000000
0.000000
-0.002093
-0.000000
-0.000000
-0.000000
-0.000000
0.003387
0.000000
0.000000
0.000000
0.000000
-0.004929
-0.000000
-0.000000
-0.000000
-0.000000
0.002647
0.000000
0.000000
0.000000
-0.000000
0.001119
0.000000
0.000000
0.000000
0.000000
-0.002469
-0.000000
-0.000000
-0.000000
-0.000000
0.002313
0.000000
0.000000
0.000000
0.000000
-0.000296
0.000000
0.000000
0.000000
0.000000
-0.000567
-0.000000
-0.000000
0.000000
0.000000
-0.000877
-0.000000
-0.000000
-0.000000
-0.000000
0.003141
0.000000
0.000000
0.000000
0.000000
-0.004000
-0.000000
-0.000000
-0.000000
-0.000000
0.002664
0.000000
0.000000
0.000000
-0.000000
0.000851
0.000000
0.000000
0.000000
0.000000
-0.002816
-0.000000
-0.000000
-0.000000
-0.000000
0.003250
0.000000
0.000000
0.000000
0.000000